AMOSTRAS	MID473	MID1952	MID591	MID273	MID1448	MID856	MID558	MID1636	MID1172	MID93	MID778	MID1039	MID1603	MID1386	MDI1785	MID1780	MID1470	MID789	MID17	MDI1391	MID216	MID2070	MID1098	MID350	MID1013	MID988	MID1183	MID2011	MID325	MID1726	MID2013	MID1357	MID1923	MID1684	MID476	MID619	MID275	MID818	MID152	MID1463	MID196	MID99	MID1176	MID682	MID1716	MID1358	MID51	MID660	MID322	MID1271	MID675	MID132	MID1052	MID494	MID481	MID913	MID625	MID1558	MID217	MID568	MID184	MID1025
A1	12	12	12	22	22	11	12	12	12	12	11	22	22	12	11	11	22	11	12	12	11	22		22	22	12	12		11	12	22	22	11	22	12	12	11	12		11	11	11	12			11	12	11	12	12	22	22	22	22	22	12	12	11	22	11	22	12
A2	12	12	12	11	22	12	12	11	22	12	12	11	22	11	22	12	22	12	12	11	11	12		22	12	12	12		12	12	12	22	11	22	12	22	22	22		22	12	12	12			11	22	12	12	12	22	22	12	12	11	22	11	22	12	22	12	11
A3	22	22	11	12	12	12	12	22	11	11	12	12	12	12	12	11	12	11	11	11	11	12		11	11	11	12		22	11	12	22	12	12	11	11	22	12		22	22	22	22			12	11	12	22	11	22	12	11	11	22	22	11	12	22	12	12	22
A4	12	22	22	12	22	12	22	22	12	12	12	22	12	22	12	11	12	12	22	11	11	12		12	12	22	12		12	11	12		12	22	22	22	11	12		22	22	22	11			11	12	12	11	11	12	12	11	12	22	22	11	12	22	12	11	12
A5	11	11	12	11	22		22	11	12	22	12	22	12	12	12	11	22	11	11	11	11	22		22	12	12	12		12	12	22	22	11	22	22	12	11	12		12	22	11	12			12	12	12	11	12	22	22	22	12	22	22	12	11	22	11	12	12
A7	22	22	12	11	22	11	12	12	22	12	11	12	22	12	22	12	12	11	12	11	12	12		22	22	12	22		12	12	12	11	11	12	22		11	22		22	22	11	12						22	11	22		11	12	22		11	12	22	22	22	11
A9	12	11	22	12	22				12	12	11	22	12		22	11	11							12	11	22	12		12	22		22	22	22	22	11	12	12			22	12	22														11	12	12	12	12	
A11	12	12	12	12	12	12	12	12	22	11	12	22	22	12	22	22	12	11	22	11	11	22		22	11	12	12		22	11	11	11	12	12	22	11	12	22		22	11	22	12					12	11	12	11	22	12	12	22	22	11	22	12	22	12	12
B11	12	12	12	12	12	12	12	12	22	11	12	22	22	12	22	22	12	11	22	11	11	22		22	11	12	12		22	11	11	11	12	12	22	11	12	22		22	11	22	12			11		12	12	12	11	22	12	12	22	22	11	22	12	22	12	12
B15	12	12	11	11	22	12	22	11	12	22	12	12	12	22	22	22	12	11	11	11	11	12		22	12	12	22		11	12	22	22	22	22	11	22	22	12		11	11	11	12			11	12	12	12	11	22	22	12	22	22	22	12	12	22	22	12	12
B16	11	22	22	11	11	12	22	12	12	22	12	11	11	12	22	12	12	11	11	11	12	22		22	11	12	22		22	12	22	22	11	11	11	11	12	22		12	12	11	12			11	12	12	12	22	22	12	11	22	22	22	12	22	22	22	22	12
B17	22	12	11	11	12	12	12	22	22	11	12	22	12	22	22	22	12	12	12	11	11	12		22	11	11	11		11	12	22	11	11	22	12	22	11	22		22	22	12	22			11	12	11	22	11	22	22	22	12	12	22	11	22	12	11	11	11
B19	12	11	11	11	22		11	12		11	11	22	11	12	22	12	12	11	11	11	11	11		22	11	11	22		11	12	11	22	11	22	22	11	12	22		22	22	22	22			11	12	11	11	22	22	12	12	12	22	22	11	22	22	11	12	12
B21	22	22	11	22	22	12	22	11	12	11	12	22	11	22	12	12	12	11	12	11	12	12		22	11	22	22		11	11	12		12	22	22	11	22	12		22	11	11	12			12	11	12	22	11	22	12	12	22	22	22	11	11	22	22	12	12
B1	12	12	11	12	12	12	22	12	12	12	12	11	11	22	12	12	12	11	22	11	11	22		22	11	22	12		11	22	12	11	11	22	12	22	22	12		22	12	12	11			12	12	22	11	12	22	12	12	12	11	22	11	12	22	12	12	11
B2	22	12	12	11	12	11	12	12	22	12	12	22	22	12	12	11	22	11	22	11	11	22		12	11	22	12		12	22	12	11	12	12	12	22	22	12		22	12	11	22			11	12	12	22	12	12	12	22	12	22	22	22	11	22	12	12	11
B3	11	11	12	12	22	12	22	12	12	12	11	22	12	12	22	11	22	11	11	11	11	12		22	12	12	12		22	11	22	11	12	22	12	22	11	12		22	11	12	22			11	12	12	12	12	22	12	22	12	12	12	11	12	11	22	12	11
B4	22	12	12	22	22		12	12	22	12	12	22	11	12	22	12	22	11	11	12	12	12		22	12	22	12		12	12	22	12	11	11	12	11	11	22		11	22	12	22			11	12	12	12	22	12	12	11	12	22	22	12	11	22	22	12	22
B5	12	11	12	11	12	22	22	12	22	12	11	12	11	22	22	12	22	12	11	11	12	12		12	12	12	11		11	11	22	12	11	12	22	22	22	22		22	12	12	12			12	11	12	12	11	22	22	11	22	12	22	22	12	12	11	22	11
B6	11	12	12	12	22	12	11	22	22	12	12	22	12	12	22	12	12	11	11	12	12	12		22	12	12	12		11	11	11	11	12	22	22	22	12	22		22	12	11	22			11	12	11	22	12	12	22	12	12	12	22	12	12	11	22	12	12
B7	22	12	22	11	12	12	12	22	12	12	12	22	11	22	12	22	22	12	11	11	11	11		12	22	12	22		11	12	12	12	12	11	22	22	22	12		22	11	11	12			11	11	11	11	12	22	11	11	11	22	11	22	22	12	22	11	11
B8	22	12	12	11	12		22	12	22	22	12	22	11	12	12	22	12	12	22	11	12	22		22	11	12	11		12	12	12	12	12	12	11	12	12	22		11	22	11	12			11	11	12	22	11	22	11	12	12	22	12	11	12	12	12	12	12
B9	12	22	11	12	12	12	22	22	22	11	11	12	12	22	22	12	22	11	12	11	22	12		22	11	12	12		12	11	11	12	12	12	22	22	12	22		22	12	12	22			11	22	22	12	11	22	12	12	11	22	22	12	22	22	22	12	22